
2012
3264.0
28
2012
3122.8
9
2012
73494.6
159
2012
1964.6
8
2012
33903.9
123
2013
2242.2
1
2013
1602.9
1
2013
1195.6
4
2013
2664.4
27
2013
2013.0
10
2013
1156.6
0
2013
1674.4
9
2013
1210.7
8
2013
11573.2
53
2014
2368.2
16
2014
1552.2
0
2014
1892.4
33
2014
4047.5
0
2014
2091.9
2
2014
1124.6
2
2014
1526.5
0
2014
4327.4
0
2015
3258.4
30
2015
1711.1
2
2015
1412.3
0
2015
1399.3
4
2015
2750.7
31
2015
1289.1
1
2015
2198.0
25
2015
3330.8
12
2015
2158.2
50
2015
4912.6
0
2016
1123.3
10
2016
2478.4
5
2016
1307.1
1
2016
2229.9
0
2016
3778.5
0
2016
2890.1
8
2016
2586.0
6
2016
1857.3
2
2016
1237.9
0
2016
1046.3
23
2016
1582.9
0
2016
10800.0
13
2016
10800.0
49
2016
2586.6
21
2016
3729.2
0
2017
1160.4
24
2017
1575.0
5
2017
1896.7
6
2017
2285.0
2
2017
1050.0
0
2017
2829.8
0
2017
1742.3
20
2017
3517.5
0
2017
2467.5
0
2017
1584.7
0
2017
1496.3
0
2017
130000.0
89
2017
52000.0
97
2017
93600.0
2981
2017
18725.2
54
2017
2600.0
0
2018
1074.4
22
2018
2259.9
9
2018
1495.7
0
2018
1344.4
3
2018
1432.0
0
2018
1397.5
5
2018
1326.0
0
2019
1249.9
2
2019
1403.9
0
2019
1090.0
0
2019
2546.0
2
